10100101000000000000000001
10100100000000000000000001
10100100000000000000000001
10100100000000000000000001
01101000000000000000000000
01011000000000000000000000
00001101000000000000000001
10100100000000000000000001
10000110000000000000000002
01010010000000000000000002
00110100000000000000000001
10100100000000000000000001
10100000000000000000000001
01101000000000000000000003
10100000000000000000000003
10100000000000000000000001
10100000000000000000000001
01101000000000000000000000
01011000000000000000000010
01011000000000000000000000
01011000000000000000000002
01010000000000000000000002
01010000000000000000000002
01100000000000000000000003
10100000000000000000000003
10100000000000000000000003
00110000000000000000000000
01010000000000000000000000
10000100000000000000000003
10100000000000000000000003
00001001000000000000000003
10100001000000000000000003
10100001000000000000000003
10100001000000000000000001
10100000000000000000000001
10100000000000000000000001
00001000000000000000000001
10100000000000000000000011
10000100000000000000000001
01101000000000000000000003
10000000000000000000000003
10100000000000000000000003
00001000000000000000000003
10100000000000000000000003
10100000000000000000000001
10100000000000000000000001
00001000000000000000000000
01011000000000000000000002
00000000000000000000000002
01010000000000000000000002
01100000000000000000000003
10100000000000000000000003
10100000000000000000000003
10100000000000000000000001
10100000000000000000000001
10100000000000000000000001
01100000000000000000000000
01010000000000000000000000
00000000000000000000000000
01011000000000000000010002
